45
178 226 58
207 124 178
53 289 123
277 0 174
80 200 254
281 25 145
227 107 23
95 80 92
1 287 180
191 170 206
16 190 93
105 294 186
4 241 22
10 181 146
124 165 249
184 132 86
246 159 108
65 213 249
73 59 22
47 117 224
231 187 88
181 165 181
128 270 182
7 66 10
160 262 243
222 186 50
167 149 88
87 219 25
294 258 87
198 227 247
35 109 33
273 173 127
102 35 72
106 189 132
261 34 158
241 273 162
22 107 127
79 150 268
44 114 56
223 108 233
28 182 61
93 251 49
30 20 22
46 258 118
220 300 251
