55
134 292 246
267 51 187
226 100 140
50 72 82
67 280 64
230 89 182
216 68 42
201 277 38
214 170 55
261 184 166
189 106 218
162 13 293
31 300 180
7 271 296
159 16 179
238 289 18
206 15 125
242 86 70
234 188 191
257 17 151
257 62 125
298 188 116
235 96 248
174 40 220
197 181 153
210 213 145
98 219 103
187 290 189
200 235 29
154 143 29
145 157 87
53 101 265
75 181 22
293 247 47
134 224 89
91 262 104
220 291 166
283 131 113
65 70 203
25 27 245
246 67 219
8 181 275
93 76 223
290 121 142
246 241 118
134 84 72
8 158 218
145 202 105
287 120 203
260 174 297
55 284 147
269 77 219
10 116 155
122 247 3
245 78 65
