50
1 252 7
44 190 122
290 278 169
240 125 129
281 130 48
138 173 278
290 232 230
37 226 63
276 93 5
51 10 207
150 23 203
188 174 141
23 278 286
75 155 224
296 123 269
203 209 259
227 258 227
73 183 27
287 45 148
280 12 94
275 3 199
85 195 214
95 162 166
169 119 253
249 164 300
249 33 209
79 214 290
147 86 124
94 296 289
155 195 243
232 36 257
51 189 26
147 108 69
203 185 105
277 11 57
149 49 233
240 45 36
6 31 44
225 58 7
152 145 60
54 117 254
276 153 53
46 296 229
131 67 18
155 161 63
32 9 292
61 45 76
17 78 285
29 252 213
104 178 71
